20
20
91
L
1
2
7
3
14
11
L
1
2
7
3
16
12
L
1
2
7
3
1
9
L
1
2
7
3
5
9
L
1
2
7
3
4
10
L
1
2
7
3
10
11
L
1
2
7
3
13
8
L
1
2
7
3
11
1
L
1
2
7
3
12
0
W
1
2
5
9
18
17
W
1
2
5
9
9
16
W
1
2
5
9
4
15
W
1
2
5
9
14
5
W
1
2
5
9
4
14
W
1
2
5
9
3
16
W
1
2
5
9
19
16
W
1
2
5
9
18
18
C
1
2
4
5
1
0
1
4
A
1
2
4
4
7
11
A
1
2
4
4
8
9
A
1
2
4
4
13
16
O
1
2
4
4
12
18
A
1
2
4
4
10
19
O
1
2
4
4
8
10
A
1
2
4
4
1
9
O
1
2
4
4
13
15
A
1
2
4
4
18
2
O
1
2
4
4
6
8
A
1
2
4
4
15
19
A
1
2
4
4
5
4
O
1
2
4
4
1
12
A
1
2
4
4
2
8
O
1
2
4
4
2
6
Z
1
2
1
2
5
0
Z
1
2
1
2
1
17
Z
1
2
1
2
8
13
Z
1
2
1
2
3
5
Z
1
2
1
2
17
7
Z
1
2
1
2
5
2
Z
1
2
1
2
7
4
Z
1
2
1
2
9
4
B
1
2
0
10
2
19
J
1
2
0
99
2
0
G
1
2
0
0
13
10
M
1
2
0
0
12
5
T
1
2
0
0
5
13
B
1
2
0
10
16
9
J
1
2
0
99
9
14
G
1
2
0
0
1
9
M
1
2
0
0
3
9
T
1
2
0
0
0
10
B
1
2
0
10
14
3
J
1
2
0
99
3
7
G
1
2
0
0
15
5
T
1
2
0
0
15
11
B
1
2
0
10
1
14
J
1
2
0
99
11
16
G
1
2
0
0
2
10
M
1
2
0
0
8
3
T
1
2
0
0
4
17
B
1
2
0
10
11
12
J
1
2
0
99
15
7
G
1
2
0
0
6
10
M
1
2
0
0
17
13
T
1
2
0
0
4
12
B
1
2
0
10
9
1
J
1
2
0
99
18
2
G
1
2
0
0
6
3
M
1
2
0
0
4
19
T
1
2
0
0
11
8
B
1
2
0
10
0
2
J
1
2
0
99
10
2
G
1
2
0
0
16
15
M
1
2
0
0
9
18
T
1
2
0
0
3
1
B
1
2
0
10
3
11
J
1
2
0
99
15
14
G
1
2
0
0
7
19
M
1
2
0
0
9
12
T
1
2
0
0
11
18
B
1
2
0
10
11
4
J
1
2
0
99
7
16
G
1
2
0
0
15
2
M
1
2
0
0
1
11
T
1
2
0
0
5
5
T
1
2
0
0
15
10
M
1
2
0
0
4
18
M
1
2
0
0
9
11
J
1
2
0
99
8
16
M
1
1
0
0
10
12
M
1
1
0
0
3
18
